 
          Moller measurements: rates/sec and asymmetries
  run    Left   Right Coinc. Accid.    BCM  Clock      Raw.Asymm          Polarization     angl An.Pow Pol.Targ   Polarization L/R    Asym BCM    coil
12935  129103   97127  43961   221.  10154. 101560   0.0430+/- 0.0004   0.7526+/- 0.0067    20.5  0.760  0.0802   0.4661   0.5067 -0.00037 0.00024 16.3
12936  131945   97854  44668   229.  10336. 101557  -0.0423+/- 0.0004  -0.7414+/- 0.0064    20.5  0.760  0.0801  -0.4600  -0.5056 -0.00005 0.00030 16.3
12937  124625   95361  42841   209.   9899. 101556   0.0422+/- 0.0004   0.7386+/- 0.0065    20.5  0.760  0.0802   0.4667   0.4888 -0.00027 0.00018 16.3
12938  127422   94317  42931   213.   9949. 101569  -0.0422+/- 0.0004  -0.7398+/- 0.0066    20.5  0.760  0.0802  -0.4657  -0.4957 -0.00014 0.00023 16.3
12939  110629   84925  39317   172.   9308. 101567   0.0428+/- 0.0004   0.7505+/- 0.0068    20.5  0.760  0.0801   0.4917   0.5193 -0.00021 0.00026 16.3
12940  110779   82448  38585   166.   9178. 101563  -0.0432+/- 0.0004  -0.7569+/- 0.0067    20.5  0.760  0.0802  -0.4920  -0.5301 -0.00018 0.00020 16.3
12941  114245   87323  40411   179.   9624. 101569   0.0433+/- 0.0003   0.7580+/- 0.0061    20.5  0.760  0.0802   0.4943   0.5268 -0.00014 0.00022 16.3
12942  118763   88616  41413   190.   9905. 101564  -0.0439+/- 0.0004  -0.7685+/- 0.0067    20.5  0.760  0.0802  -0.4985  -0.5363 -0.00009 0.00027 16.3
12943  107859   86730  37772   152.  10216. 101559   0.0424+/- 0.0004   0.7432+/- 0.0071    20.5  0.760  0.0801   0.4975   0.5287 -0.00022 0.00016 16.3
12944  111603   77660  34805   141.   9994. 101564  -0.0423+/- 0.0004  -0.7419+/- 0.0078    20.5  0.760  0.0802  -0.4811  -0.5336 -0.00002 0.00032 16.3
12945  103445   82552  33524   139.   9895. 101577   0.0427+/- 0.0004   0.7485+/- 0.0070    20.5  0.760  0.0801   0.4975   0.5216 -0.00022 0.00019 16.3
12946  100286   78910  32549   129.   9457. 101572  -0.0428+/- 0.0004  -0.7487+/- 0.0075    20.5  0.760  0.0803  -0.5055  -0.5317 -0.00012 0.00030 16.3
12947      42      41     33     0.    349. 101575   0.0037+/- 0.0871   0.0654+/- 1.5253    20.5  0.760  0.0802  -0.1383  -0.1563 -0.00071 0.00397 16.3
12948   23731   53228   2841    19.  10106. 101571  -0.0402+/- 0.0020  -0.7031+/- 0.0346    20.5  0.760  0.0803  -0.4891  -0.5318 -0.00031 0.00033 16.3
12949   85948   83791  27123   110.  10714. 101562   0.0434+/- 0.0004   0.7592+/- 0.0076    20.5  0.760  0.0803   0.5236   0.5373 -0.00020 0.00013 16.3
12950   81395   76252  25190    95.   9902. 101576  -0.0424+/- 0.0005  -0.7415+/- 0.0086    20.5  0.760  0.0802  -0.5007  -0.5289 -0.00033 0.00024 16.3
12951   76329   75150  24769    90.   9457. 101575   0.0422+/- 0.0005   0.7383+/- 0.0086    20.5  0.760  0.0803   0.5089   0.5243  0.00000 0.00024 16.3
12952   77849   73155  24225    88.   9440. 101572  -0.0428+/- 0.0004  -0.7494+/- 0.0071    20.5  0.760  0.0803  -0.5133  -0.5332 -0.00011 0.00010 16.3
12954  101415   79920  33332    71.   9509. 101561  -0.0415+/- 0.0005  -0.7265+/- 0.0082    20.5  0.760  0.0803  -0.4907  -0.5177  0.00005 0.00021 16.3
12955  101362   82574  33898    74.   9678. 101570   0.0423+/- 0.0004   0.7405+/- 0.0074    20.5  0.760  0.0803   0.4918   0.5237 -0.00018 0.00015 16.3
12957  139556  114729  47029   261.  10166. 101564   0.0392+/- 0.0003   0.7305+/- 0.0065    20.5  0.760  0.0755   0.4909   0.5156 -0.00025 0.00025 16.3
12958  135893  105952  44137   235.   9621. 101577  -0.0402+/- 0.0003  -0.7473+/- 0.0065    20.5  0.760  0.0755  -0.4991  -0.5263 -0.00025 0.00020 16.3
12959  131668  104594  43103   221.   9391. 101574   0.0390+/- 0.0005   0.7257+/- 0.0097    20.5  0.760  0.0755   0.4800   0.5115 -0.00003 0.00018 16.3
12960  133697  103599  43704   229.   9445. 101572  -0.0392+/- 0.0005  -0.7302+/- 0.0100    20.5  0.760  0.0755  -0.4974  -0.5253 -0.00022 0.00021 16.3
12961  202336  160578  66752   527.   9199. 101572   0.0396+/- 0.0004   0.7323+/- 0.0066    20.5  0.760  0.0759   0.4784   0.5203 -0.00030 0.00017 16.3
12962  208390  163796  68418   553.   9384. 101568  -0.0406+/- 0.0004  -0.7520+/- 0.0066    20.5  0.760  0.0758  -0.4906  -0.5245 -0.00008 0.00015 16.3
12963  207804  169538  69359   572.   9547. 101582   0.0390+/- 0.0004   0.7223+/- 0.0066    20.5  0.760  0.0758   0.4779   0.5090 -0.00025 0.00026 16.3
12964  211433  167731  69864   579.   9551. 101580  -0.0393+/- 0.0004  -0.7271+/- 0.0066    20.5  0.760  0.0759  -0.4755  -0.5059  0.00007 0.00030 16.3
12965  469579  381448 153986  2873.  10007. 101578   0.0434+/- 0.0003   0.7397+/- 0.0048    20.5  0.760  0.0824   0.4701   0.5128 -0.00013 0.00020 16.3
12966  474996  377299 155320  2870.  10038. 101579  -0.0439+/- 0.0003  -0.7486+/- 0.0048    20.5  0.760  0.0824  -0.4687  -0.5165 -0.00012 0.00020 16.3
12967  477435  387945 158978  2972.  10217. 101576   0.0437+/- 0.0003   0.7455+/- 0.0044    20.5  0.760  0.0824   0.4772   0.5106 -0.00017 0.00013 16.3
12968  480014  374872 154196  2891.  10053. 101585  -0.0436+/- 0.0003  -0.7443+/- 0.0048    20.5  0.760  0.0823  -0.4477  -0.5171 -0.00008 0.00021 16.3
